2405 0.008929 0.005578
2410 0.008419 0.004393
2415 0.007390 0.003405
2420 0.005709 0.002839
2425 0.005101 0.002942
2430 0.005588 0.003565
2435 0.006435 0.004355
2440 0.007518 0.005168
2445 0.008796 0.006084
2450 0.012650 0.007130
2455 0.011797 0.008045
2460 0.012391 0.008507
2465 0.012593 0.008825
2470 0.012316 0.008978
2475 0.010724 0.008491
2480 0.010080 0.007579

2405 0.008596 0.005573
2410 0.007672 0.004351
2415 0.006781 0.003423
2420 0.005285 0.002858
2425 0.005006 0.002935
2430 0.005542 0.003541
2435 0.006299 0.004296
2440 0.007337 0.005085
2445 0.009908 0.006018
2450 0.010189 0.007076
2455 0.012259 0.007977
2460 0.012433 0.008449
2465 0.012521 0.008772
2470 0.012025 0.008898
2475 0.010733 0.008399
2480 0.009741 0.007553

2405 0.008805 0.005561
2410 0.008011 0.004342
2415 0.007180 0.003432
2420 0.005524 0.002850
2425 0.004941 0.002935
2430 0.005553 0.003525
2435 0.006629 0.004276
2440 0.007378 0.005071
2445 0.008349 0.006021
2450 0.010924 0.007064
2455 0.012039 0.007960
2460 0.012848 0.008424
2465 0.012623 0.008763
2470 0.011998 0.008883
2475 0.010747 0.008399
2480 0.009767 0.007548

2405 0.008594 0.005597
2410 0.007750 0.004369
2415 0.006566 0.003420
2420 0.005303 0.002858
2425 0.004903 0.002953
2430 0.005629 0.003528
2435 0.006444 0.004261
2440 0.007220 0.005056
2445 0.011301 0.005994
2450 0.010607 0.007048
2455 0.012023 0.007937
2460 0.016167 0.008409
2465 0.012094 0.008748
2470 0.011568 0.008881
2475 0.010681 0.008394
2480 0.010203 0.007535

2405 0.008503 0.005587
2410 0.007990 0.004368
2415 0.006709 0.003426
2420 0.005366 0.002869
2425 0.004986 0.002939
2430 0.005531 0.003513
2435 0.006363 0.004260
2440 0.007479 0.005051
2445 0.008559 0.005982
2450 0.012651 0.007022
2455 0.012085 0.007907
2460 0.012312 0.008399
2465 0.012319 0.008761
2470 0.011619 0.008912
2475 0.010699 0.008417
2480 0.009746 0.007560

2405 0.008632 0.005591
2410 0.008037 0.004364
2415 0.007387 0.003418
2420 0.005434 0.002869
2425 0.005144 0.002930
2430 0.005415 0.003491
2435 0.006297 0.004244
2440 0.007510 0.005050
2445 0.008317 0.005966
2450 0.009548 0.007008
2455 0.011690 0.007913
2460 0.012088 0.008390
2465 0.012223 0.008734
2470 0.012434 0.008896
2475 0.010787 0.008421
2480 0.009759 0.007563

2405 0.008945 0.005605
2410 0.008450 0.004393
2415 0.007317 0.003429
2420 0.005342 0.002851
2425 0.004903 0.002925
2430 0.005532 0.003497
2435 0.006221 0.004256
2440 0.007362 0.005033
2445 0.008301 0.005951
2450 0.010074 0.006984
2455 0.011764 0.007894
2460 0.012365 0.008381
2465 0.012412 0.008724
2470 0.012580 0.008896
2475 0.010794 0.008412
2480 0.009718 0.007546

2405 0.008692 0.005616
2410 0.008582 0.004385
2415 0.007375 0.003419
2420 0.005663 0.002845
2425 0.004853 0.002913
2430 0.005519 0.003502
2435 0.006210 0.004247
2440 0.007235 0.005027
2445 0.009688 0.005955
2450 0.009915 0.006977
2455 0.018288 0.007880
2460 0.012398 0.008374
2465 0.014568 0.008749
2470 0.011648 0.008901
2475 0.010649 0.008431
2480 0.009732 0.007559

2405 0.008627 0.005626
2410 0.008277 0.004393
2415 0.006910 0.003416
2420 0.005432 0.002837
2425 0.005214 0.002902
2430 0.005548 0.003488
2435 0.006211 0.004227
2440 0.007238 0.004998
2445 0.008974 0.005928
2450 0.010320 0.006961
2455 0.011926 0.007857
2460 0.012464 0.008323
2465 0.014472 0.008703
2470 0.012036 0.008875
2475 0.010827 0.008412
2480 0.009817 0.007535

2405 0.008351 0.005642
2410 0.007639 0.004390
2415 0.006810 0.003421
2420 0.005225 0.002841
2425 0.004953 0.002913
2430 0.005448 0.003494
2435 0.006269 0.004233
2440 0.007202 0.005006
2445 0.008188 0.005938
2450 0.012426 0.006977
2455 0.012154 0.007885
2460 0.012120 0.008359
2465 0.012165 0.008736
2470 0.013477 0.008900
2475 0.011526 0.008059
2480 0.009991 0.007801

