2405 0.012107 0.008437
2410 0.012618 0.007965
2415 0.010381 0.006836
2420 0.008667 0.005564
2425 0.007050 0.004783
2430 0.006286 0.004190
2435 0.005595 0.003513
2440 0.005399 0.003005
2445 0.005620 0.002604
2450 0.005377 0.002233
2455 0.004028 0.001771
2460 0.008541 0.001392
2465 0.006325 0.001311
2470 0.004812 0.001229
2475 0.003256 0.001420
2480 0.003836 0.001969

2405 0.011213 0.008547
2410 0.011300 0.008088
2415 0.010300 0.006941
2420 0.008083 0.005644
2425 0.006852 0.004841
2430 0.006259 0.004275
2435 0.005698 0.003617
2440 0.005101 0.003042
2445 0.005740 0.002624
2450 0.004391 0.002235
2455 0.009049 0.001778
2460 0.004822 0.001450
2465 0.006415 0.001331
2470 0.003684 0.001226
2475 0.003248 0.001446
2480 0.003974 0.002007

2405 0.011506 0.008593
2410 0.012059 0.008123
2415 0.010747 0.006993
2420 0.008369 0.005689
2425 0.007018 0.004904
2430 0.006282 0.004316
2435 0.005763 0.003689
2440 0.005411 0.003102
2445 0.004984 0.002668
2450 0.005301 0.002266
2455 0.005599 0.001790
2460 0.008890 0.001488
2465 0.004624 0.001381
2470 0.004903 0.001224
2475 0.003394 0.001465
2480 0.003949 0.002036

2405 0.011875 0.008615
2410 0.012009 0.008176
2415 0.010646 0.007050
2420 0.008736 0.005752
2425 0.006973 0.004930
2430 0.006491 0.004368
2435 0.005787 0.003718
2440 0.005404 0.003150
2445 0.006042 0.002693
2450 0.005396 0.002277
2455 0.005763 0.001837
2460 0.009527 0.001515
2465 0.006531 0.001387
2470 0.004217 0.001252
2475 0.003555 0.001515
2480 0.003967 0.002036

2405 0.011759 0.008599
2410 0.012075 0.008176
2415 0.010740 0.007056
2420 0.008506 0.005737
2425 0.007255 0.004960
2430 0.006477 0.004368
2435 0.006055 0.003741
2440 0.005220 0.003156
2445 0.006605 0.002695
2450 0.005593 0.002317
2455 0.009428 0.001834
2460 0.005465 0.001556
2465 0.006663 0.001382
2470 0.004046 0.001251
2475 0.003320 0.001480
2480 0.003911 0.002036

2405 0.011544 0.008613
2410 0.011610 0.008151
2415 0.010295 0.007048
2420 0.008385 0.005796
2425 0.007152 0.004981
2430 0.006342 0.004382
2435 0.005829 0.003738
2440 0.005309 0.003167
2445 0.006213 0.002717
2450 0.006371 0.002321
2455 0.011006 0.001863
2460 0.003995 0.001497
2465 0.007178 0.001385
2470 0.004536 0.001255
2475 0.003502 0.001459
2480 0.003843 0.002029

2405 0.011427 0.008620
2410 0.011715 0.008159
2415 0.010592 0.007079
2420 0.008491 0.005801
2425 0.007209 0.004984
2430 0.006416 0.004376
2435 0.005753 0.003745
2440 0.005231 0.003161
2445 0.005153 0.002709
2450 0.005134 0.002323
2455 0.004080 0.001848
2460 0.009269 0.001516
2465 0.007525 0.001397
2470 0.003359 0.001275
2475 0.003397 0.001468
2480 0.004237 0.002046

2405 0.012008 0.008602
2410 0.012069 0.008193
2415 0.010921 0.007075
2420 0.008521 0.005824
2425 0.007183 0.004981
2430 0.006406 0.004413
2435 0.005895 0.003781
2440 0.005131 0.003147
2445 0.005048 0.002737
2450 0.004248 0.002347
2455 0.004181 0.001847
2460 0.008848 0.001503
2465 0.006150 0.001420
2470 0.004386 0.001310
2475 0.003429 0.001490
2480 0.003905 0.002027

2405 0.011691 0.008622
2410 0.012011 0.008200
2415 0.010682 0.007121
2420 0.008528 0.005860
2425 0.007137 0.005030
2430 0.006374 0.004454
2435 0.005933 0.003779
2440 0.005391 0.003193
2445 0.004856 0.002747
2450 0.005106 0.002350
2455 0.010898 0.001872
2460 0.009273 0.001554
2465 0.006391 0.001454
2470 0.003411 0.001285
2475 0.003443 0.001496
2480 0.004097 0.002053

2405 0.011816 0.008670
2410 0.011950 0.008277
2415 0.010784 0.007180
2420 0.008595 0.005900
2425 0.007259 0.005054
2430 0.006496 0.004488
2435 0.005927 0.003809
2440 0.005287 0.003198
2445 0.006949 0.002770
2450 0.006287 0.002357
2455 0.010919 0.001883
2460 0.009380 0.001540
2465 0.003890 0.001437
2470 0.003577 0.001299
2475 0.003580 0.001515
2480 0.003970 0.002061

