2405 0.009543 0.006978
2410 0.009461 0.006693
2415 0.009931 0.007001
2420 0.009704 0.007406
2425 0.009708 0.007272
2430 0.008884 0.006770
2435 0.008567 0.006291
2440 0.009134 0.005935
2445 0.014945 0.005723
2450 0.017365 0.005939
2455 0.023601 0.006439
2460 0.032687 0.006854
2465 0.034388 0.007064
2470 0.019708 0.007166
2475 0.012068 0.006712
2480 0.008028 0.005928

2405 0.009615 0.007084
2410 0.009664 0.006787
2415 0.015370 0.007102
2420 0.009934 0.007506
2425 0.009457 0.007431
2430 0.008954 0.006901
2435 0.008369 0.006348
2440 0.008456 0.005952
2445 0.008078 0.005723
2450 0.008409 0.005943
2455 0.060256 0.006494
2460 0.043827 0.006883
2465 0.015539 0.007081
2470 0.015161 0.007231
2475 0.017997 0.006719
2480 0.008110 0.006003

2405 0.009774 0.007163
2410 0.009936 0.006924
2415 0.010026 0.007179
2420 0.009756 0.007560
2425 0.009475 0.007407
2430 0.009053 0.006879
2435 0.008528 0.006322
2440 0.010643 0.005919
2445 0.015715 0.005717
2450 2455 0.042515 0.006500
2460 0.027997 0.006872
2465 0.014256 0.007074
2470 0.024203 0.007158
2475 0.009006 0.006673
2480 0.007940 0.005915

2405 0.009751 0.007098
2410 0.009828 0.006844
2415 0.009969 0.007093
2420 0.009949 0.007526
2425 0.009515 0.007455
2430 0.008953 0.006943
2435 0.008407 0.006373
2440 0.008099 0.005938
2445 0.007838 0.005697
2450 0.009477 0.005899
2455 0.019802 0.006412
2460 0.009741 0.006797
2465 0.009800 0.007030
2470 0.012705 0.007128
2475 0.008695 0.006663
2480 0.007893 0.005905

2405 0.009886 0.007092
2410 0.009758 0.006820
2415 0.010158 0.007059
2420 0.009798 0.007497
2425 0.009662 0.007424
2430 0.009073 0.006929
2435 0.008534 0.006357
2440 0.008389 0.005917
2445 0.010674 0.005675
2450 0.009311 0.005897
2455 0.010801 0.006410
2460 0.010819 0.006807
2465 0.010400 0.007036
2470 0.014511 0.007107
2475 0.008803 0.006622
2480 0.007979 0.005868

2405 0.009735 0.007115
2410 0.009735 0.006865
2415 0.010074 0.007144
2420 0.009787 0.007567
2425 0.009491 0.007470

